539202 539203 539198 539199 19220 19221 19222 19223 19224 19225 - 0.010966666666666666 - 0.0022855144579909154
139327 139328 139329 - 6.666666666666667e-05 - 9.982974223140384e-06
36391 36392 36393 34189 34190 34191 34192 680727 - 0.003025 - 0.0021218248557606802
796843 796844 796845 796846 796847 796848 796849 796850 796851 - 0.018799999999999997 - 0.0039486883705484995
638467 638468 638469 638470 638471 638472 638473 638474 - 0.001388888888888889 - 0.0010479461889251753
368767 368768 - 0.0010625 - 0.0007743850458158243
436144 436145 - 0.0011 - 0.00030241519263954895
360397 360398 360399 360400 - 0.0042125 - 0.0027984397562130954
53347 53348 53349 53350 53351 53352 53353 53354 53355 - 0.0044090909090909085 - 0.004426167394448289
41995 41996 41997 41998 41999 42000 42001 - 0.0173 - 0.012487277636809522
838226 838227 838228 838229 838230 838231 838232 794061 794062 794063 794064 794065 794066 794067 794068 - 0.01786666666666667 - 0.003953852241853534
620340 620341 620342 620343 620344 620345 - 0.01 - 0.0026693147090411083
448385 448386 448387 - 0.0007999999999999999 - 0.00021954414534876136
30322 30323 30324 30325 30326 30327 - 0.0014333333333333333 - 0.001187402212444787
910786 910787 910788 910789 910790 910791 910792 910793 910794 910795 910796 910797 910798 - 0.01701818181818182 - 0.016922560892911102
253722 253723 253724 253725 253726 253727 253728 253729 253730 253731 253732 - 0.002066666666666667 - 0.0004432438541576387
758243 758244 - 0.0019333333333333333 - 0.0005276774200875891
682373 682374 682375 682376 682377 682378 682379 592406 592407 592408 592409 592410 592411 - 0.009533333333333335 - 0.0022297396849819432
517139 517140 517141 517142 517143 517144 517145 517146 517147 517148 517149 517150 517151 517152 517153 - 0.0098 - 0.00248054670949221
881888 881889 600315 600290 600291 600292 600293 600294 600295 62575 54679 54680 - 0.0065875000000000005 - 0.004283424381205227
905333 905334 905335 905336 905337 905338 - 0.012433333333333331 - 0.0027107842018507314
910530 910531 910532 910533 910534 910535 910536 910537 910538 - 0.021733333333333334 - 0.005032314701819241
574706 574711 574710 - 0.0024333333333333334 - 0.0004946089078637523
554040 554041 554042 554043 554044 - 0.004233333333333334 - 0.0011588031430128179
35511 35510 35509 35508 35507 35527 35526 - 0.0005333333333333334 - 0.00040789493084963767
864399 864400 59598 59237 - 0.0031333333333333335 - 0.0007866957312575512
772625 772554 772555 772556 772557 772547 772548 772549 772550 772551 772552 772553 - 0.013533333333333333 - 0.002830681571936817
818373 818374 818375 818376 818377 818378 818379 818380 - 0.0023625 - 0.001390608344508703
750174 750175 670883 670884 - 0.0023666666666666667 - 0.0005978238351888227
888037 888038 888039 888010 888011 888012 888013 888014 887977 887978 887979 887980 - 0.009399999999999999 - 0.0018380050512660222
451872 451873 451874 451875 451876 451877 451878 451879 436403 436404 436405 436406 - 0.0058 - 0.0016174441567010486
12332 12333 12334 12335 12336 12337 12338 12339 12340 12341 12342 12343 12344 12345 - 0.003466666666666667 - 0.002820577524791901
41009 41010 41011 41012 41013 41014 41015 41016 41017 41018 41019 - 0.021954545454545456 - 0.018379681230371932
102507 102508 102509 102510 102511 102512 102513 102514 102515 - 0.002666666666666666 - 0.002136963188213679
352482 339783 339784 339785 339786 339787 339788 - 0.006266666666666667 - 0.0010553527260240376
543175 543176 - 0.0015 - 0.000410816393534883
752626 752627 752628 752629 752630 733756 709235 709236 709237 709238 - 0.002866666666666667 - 0.0007028260206134732
769464 769465 769466 769467 769468 769469 - 0.0031999999999999997 - 0.0007902400280726808
307659 307660 282119 282120 - 0.0030666666666666663 - 0.0007385588545371875
545635 545636 - 0.0009666666666666667 - 0.0002721271066467747
144866 144867 144868 144869 144870 144871 144872 144873 144874 - 0.0048000000000000004 - 0.0013131985468167345
918594 918595 918596 918597 918572 918573 - 0.0002875 - 0.0002232893837535856
168540 168541 168542 168543 168544 168545 168546 168547 168548 168549 168550 168551 168552 168553 - 0.005666666666666666 - 0.001545412208279418
815020 815021 815022 815023 815024 815025 815026 - 0.019966666666666664 - 0.005328366127183261
753396 753382 753381 - 0.0014333333333333333 - 0.00024427479258328297
718788 718789 718790 718791 718792 718793 - 0.0059 - 0.0016263621087803455
361188 361189 361190 361191 361192 361193 361194 361195 361196 361197 - 0.0028333333333333327 - 0.0006838747895200125
13982 13983 13984 13985 13986 13987 13988 - 0.008888888888888889 - 0.007029536070733482
448210 448211 - 0.0006333333333333333 - 0.00017811799405010752
678859 678860 678861 678862 678780 678781 678782 678783 - 0.004122222222222222 - 0.003303925317903893
292695 292696 292697 292698 292699 292700 - 0.0001666666666666667 - 3.438793623077873e-05
679187 679188 679189 679190 679191 679192 679193 679194 679195 679196 679197 679198 - 0.00795 - 0.005644868024704252
182094 182095 182096 182097 182098 182099 - 0.0008333333333333333 - 0.00023525284028831525
746391 746272 746273 746274 746275 746276 746277 - 0.021155555555555556 - 0.005798979135132352
819292 819293 556435 556436 556437 556438 556439 556440 556441 556442 556443 556444 556445 556446 556447 - 0.0023500000000000005 - 0.0017333108818368918
616957 616958 616959 616960 616961 616962 - 0.011066666666666667 - 0.0030254049263978254
680774 680775 680720 - 7.500000000000001e-05 - 6.733884267245231e-05
248312 248313 - 0.0012666666666666666 - 0.00034524783131758137
902883 902884 902885 902886 902887 902888 902889 902890 902891 902892 902893 902894 902895 902896 902897 - 0.004766666666666667 - 0.001339531443409734
455121 455122 455123 455124 455125 455126 455127 - 0.0003 - 0.00023551509078433995
680769 680770 680771 680772 680773 680774 680775 680720 - 0.00033750000000000007 - 0.00023785764420994546
769083 769084 769085 769086 769087 769088 768978 768977 - 0.008666666666666666 - 0.0023517265339094207
191827 191828 191829 191830 191831 191832 191833 191834 191835 191836 191837 191838 191839 191840 191841 191842 - 0.0018124999999999994 - 0.0007538391210516511
920854 920855 - 0.0011666666666666668 - 0.0003216361619651995
331272 331273 331274 331275 331276 331277 331278 331279 331280 180491 180492 180493 180494 - 0.0034666666666666665 - 0.0008270523592391846
684742 684743 684744 684745 684746 684747 684748 684749 684750 684674 - 0.010809090909090909 - 0.010760407303712801
42361 42362 42363 42364 42365 42366 42367 42368 42369 42370 42371 42372 42373 - 0.0343375 - 0.02485462383081539
890161 890160 890149 - 0.0028000000000000004 - 0.0005806812081130045
943281 943282 943283 943284 943285 943286 943287 943288 943289 943290 943291 943292 644445 - 0.016055555555555556 - 0.012836248504457054
892110 892098 36777 36778 36779 23177 23178 23179 - 0.008012499999999999 - 0.0015894537992657521
240867 240868 - 0.0019666666666666665 - 0.000541947436074162
142968 142969 124280 124281 - 0.0019333333333333333 - 0.0005199270746750157
61732 61733 61712 61713 61714 61715 61716 61717 61718 - 0.0026500000000000004 - 0.0018976679037184079
537471 537472 537473 537474 537475 537476 537477 537478 537479 537480 537481 537482 537483 537484 - 0.0017624999999999993 - 0.0013223061500221439
759025 758685 758686 - 0.0027333333333333333 - 0.0005405630473903498
812756 812757 812758 812759 812760 812761 812762 812763 812764 812765 812766 - 0.009300000000000001 - 0.0020096473835833203
67168 67169 67170 67171 67172 67173 46502 - 0.0013000000000000002 - 0.0003232219809437192
758129 758130 - 0.0016888888888888889 - 0.0013849735292818085
866202 866203 866204 52961 52962 52963 52951 52952 - 0.0051 - 0.0023092425502582747
914574 914575 914576 914577 914578 914579 914580 914581 - 0.006666666666666667 - 0.001561244603125981
455929 455930 455931 455932 455933 455934 455935 455936 455937 455938 455939 455940 455941 455942 - 0.0008375000000000001 - 0.0006325355878317159
145716 145717 145718 145719 145720 - 0.0013666666666666666 - 0.0003744375154613722
889753 889754 889755 889756 889757 889758 889759 889760 889761 889762 889763 889764 889765 889766 889767 - 0.031090909090909093 - 0.02989797292620147
495125 495126 494218 - 0.0006333333333333334 - 0.00016363753436103316
917164 917165 917166 604668 - 0.0013125 - 0.0009675570958283148
675515 675516 675517 675518 675519 675520 675521 675522 675523 - 0.005975 - 0.004266839722076864
11491 11492 11493 11476 11477 11478 11479 - 0.0058000000000000005 - 0.0013537698019150902
660566 660567 660568 660569 660570 660571 660572 660573 660574 548171 548172 49695 49694 - 0.02841527777777778 - 0.020135044190566158
290288 212017 212018 212019 212020 212021 - 0.002333333333333333 - 0.0003259840198133186
196176 196177 196178 196179 196180 196181 196182 196183 196184 196185 196186 196187 - 0.0021666666666666666 - 0.000625124667393372
873149 873150 873151 873152 873153 873154 873155 873156 873157 873158 873159 873160 873161 873162 873163 - 0.0118875 - 0.007424623253504084
167754 167755 167756 167757 167758 167759 167760 167761 167762 167763 167764 - 0.005333333333333333 - 0.0014969901252573352
166551 166552 166553 166554 166555 166556 166557 166558 166559 166560 166561 166562 166563 166564 - 0.003833333333333334 - 0.000346184710180427
327192 327193 327194 327195 327196 327197 - 0.0038666666666666663 - 0.0010734740955207016
102323 102324 102325 102326 102327 102328 102329 102330 102331 102332 102333 - 0.0006000000000000002 - 0.00015055200129989428
426320 426321 426322 426323 426324 426325 - 0.002466666666666667 - 0.0006829318005785982
331232 331233 331234 331235 331236 331237 331238 331239 331240 - 0.0021 - 0.0005926435113837314
312773 312774 - 0.0005666666666666667 - 0.0001610352935192964
870503 718072 718071 - 0.000625 - 0.00042208879683722613
816555 816556 816557 816558 816559 663249 663250 663251 663252 663253 663254 663255 - 0.017811111111111107 - 0.004624510095314745
